A01:[511,511,511,511]:[ -603, -260, -404, -485]
A02:[511,511,511,511]:[-424, -421, -144, -324]
B01:[511,511,511,511]:[ -578, -427, -471, -515]
B02:[511,511,511,511]:[ -524, -433, -508, -404]
B03:[511,511,511,511]:[ -418, -407, -436, -307]
B04:[511,511,511,511]:[ -342, -469, -555,-317]
B05:[421,414,443,429]:[-371,-298,-434,-451]
B06:[511,511,511,511]:[ -338, -298, -356, -348]
B07:[511,511,511,511]:[ -525, -638, -485, -644]
B08:[433,427,424,420]:[-367,-324,-398,48]
C01:[384,393,412,404]:[ -362,-294,-398,-411]
C02:[398,388,422,410]:[ -198,-161,-283,-340]
C03:[416,404,377,387]:[ -400,-352,-441,-357]
C04:[511,511,511,511]:[ -200, -200, -200, -200]
C05:[365,358,414,356]:[-439,-435,-265,-411]
C06:[511,511,511,511]:[ -417, -287, -349, -339]
C08:[389,383,408,411]:[ -564,-457,-547,-418]
C09:[1020,1021,1017,1012]:[-159, -265, -209, -281]
C09:[393,395,388,383]:[ -266,-364,-311,-365]
C10:[511,511,511,511]:[ -435, -321, -354, -433]
C11:[398,396,401,404]:[-568,-307,-497,-577]
C12:[511,511,511,511]:[-241, -319, -382, -346]
D01:[395,394,372,369]:[-370,-361,-511,-300]
D02:[37,40,30,26]:[-323, -415, -285, -395]
D03:[393,395,388,383]:[ -266,-364,-311,-365]
D05:[17,12,24,27]:[-489, -357, -512, -371]
D08:[24,25,15,12]:[-371, -179, -345, -258]
D09:[28,31,20,24]:[-243,-141,-257,-303]
D11:[398,389,396,391]:[ -289,-247,-214,-307]
D12:[511,511,511,511]:[ -361, -280, -392, -410]
D13:[3,0,23,15]:[-242,-172,-238,-219]
D14:[415,418,411,419]:[ -481,-266,-377,-363]
D15:[1021,1019,1010,1003]:[-263,-185,-272,-258]
D16:[18,5,1023,1017]:[-301,-320,-458,-268]
D17:[402,393,395,382]:[-280,-201,-304,-194]
D18:[414, 425,388,393]:[ -237, -266,-309,-272]
D19:[421,414,380,374]:[ -222,-302,-342,-313]
D20:[418,402,412,413]:[-425,-329,-356,-322]
D21:[393,393,377,370]:[-479,-369,-311,-444]
D22:[445,447,408,410]:[-305,-286,-210,-296]
D23:[414,409,449,446]:[-349,-326,-458,-176]
D24:[416,404,377,387]:[ -400,-352,-441,-357]
E01:[511,511,511,511]:[ -188, -297, -303, -353]
E03:[390,377,393,390]:[-314,-234,-409,-241]
E04:[391,380,401,405]:[ -353, -235, -282, -281]
E05:[511,511,511,511]:[-241, -305, -344, -304]
E06:[358,354,400,411]:[-288,-272,-174,-284]
E07:[380,379,403,382]:[-298, -239, -20, -134]
E08:[413,409,414,407]:[-337,-271,-353,-293]
E09:[357,397,401,392]:[-311,-1027,-329,-245]
E10:[399,396,392,396]:[ -408, -325, -451, -320]
E11:[377,386,357,365]:[-254,-310,-309,-431]
E12:[375,380,373,368]:[-256,-365,-295,-403]
E13:[378,376,357,362]:[-191,-180,-317,-335]
E14:[384,389,412,405]:[-309,-363,-426,-366]
E15:[387,385,392,394]:[-273,-117,-179,-20]
E15:[511,511,511,511]:[-273, -117, -179, -20]
E16:[403,401,392,386]:[ -239, -264, -423, -368]
E17:[389,381,374,375]:[ -283, -350, -356, -261]
E18:[385,387,376,372]:[-440, -440, -441, -247]
E19:[358,361,384,385]:[ -305, -246, -263, -391]
E20:[394,391,379,374]:[-181,-237,-193,-384]
E22:[373,364,376,374]:[-279,-353,-226,-364]
E23:[416,410,394,381]:[-306,-221,-341,-39]
E24:[376,369,397,390]:[-285,-501,-405,-341]
E26:[372,373,390,380]:[-489,-325,-424,-344]
E29:[356,357,364,370]:[-367,-275,-226,-275]
E30:[413,408,379,374]:[-339,-284,-322,-261]
E31:[357,362,382,389]:[-267,-403,-306,-311]
E32:[377,385,354,353]:[-256,-427,-346,-349]
